10
2.50e+11
0.0000e+00  0.0000e+00  0.0000e+00  0.0000e+00  1.9884e+30      sun     255,254,250 2.0
5.7909e+10  0.0000e+00  0.0000e+00  4.7872e+04  3.3020e+23  mercury     154,154,154 2.0
1.08209e+11 0.0000e+00  0.0000e+00  3.5021e+04  4.8690e+24    venus     186,115,33  2.0
1.49598e+11 0.0000e+00  0.0000e+00  2.9786e+04  5.9720e+24    earth     86,95,170   2.0
2.27937e+11 0.0000e+00  0.0000e+00  2.4131e+04  6.4191e+23     mars     247,170,90  2.0
7.78412e+11 0.0000e+00  0.0000e+00  1.3070e+04  1.8987e+27  jupiter     210,199,178 2.0
1.42672e+12 0.0000e+00  0.0000e+00  9.6724e+03  5.6851e+26   saturn     215,178,150 2.0
2.87097e+12 0.0000e+00  0.0000e+00  6.8352e+03  8.6849e+25   uranus     209,247,248 2.0
4.49825e+12 0.0000e+00  0.0000e+00  5.4778e+03  1.0244e+26  neptune     111,145,180 2.0
4.50000e+11 0.0000e+00  0.0000e+00  2.0822e+04  1.3420e+2      ufo     184,184,184 2.0
1.49215e+11 0.0000e+00  0.0000e+00  3.0822e+04  7.3420e+22     moon     184,184,184 2.0